[44780.6973623611jujugsgs.com]
IP=jujugsgs.com
port=21
user=jujugsgs
pass=3D9F325EE801184989F51A
options=30033330000330011030000100033330000010020
created=44780.6973623611
Proxy=0
ID=7CB52FA8
