[#Total#]
LR=40243.7516410301
TC=878
FU=670937230
FD=844784904

[44780.6973623611jujugsgs.com]
TC=5
LC=44781.0304615046
FD=37707209
