[44543.8059082176www.jujugsgs.com]
IP=www.jujugsgs.com
port=21
user=admin
pass=AB2EA0E2619AE171E81773
options=30033330000330011030000100033330000010020
created=44543.8059082176
Proxy=0
ID=979CF1E6

[44543.806593669www.jujugsgs.com]
IP=www.jujugsgs.com
port=21
user=jujugsgs
pass=4284DE23A1DA3E9D3558BE
options=30033330000330011030000100033330000010020
created=44543.806593669
Proxy=0
ID=3E53F74E
