[#Total#]
LR=40243.7516410301
TC=913
FU=729181007
FD=807370219

[44543.806593669www.jujugsgs.com]
TC=40
LC=44777.9661619097
FU=58243777
FD=292524
